60522
150	681
372	785
512	696
142	13
962	760
665	696
376	376
800	376
41	1102
1102	365
671	1104
823	744
744	891
753	744
823	891
823	753
970	25
25	352
970	970
589	25
25	25
796	25
589	589
589	796
796	796
543	542
1024	1023
811	338
338	923
811	923
44	839
839	1078
343	44
80	343
147	343
813	906
44	964
964	191
191	44
595	417
418	595
417	33
418	33
33	595
851	595
419	595
595	416
595	595
851	33
33	596
1002	834
510	662
510	833
551	548
551	549
551	550
598	847
658	847
598	157
720	719
48	282
1038	282
282	282
48	262
262	1038
262	262
821	938
821	826
826	938
702	938
826	702
411	2
742	960
44	51
824	853
673	210
943	943
689	1001
651	1001
651	651
689	651
88	625
18	780
844	871
777	18
97	814
33	33
698	746
982	293
815	982
982	948
954	314
954	15
739	676
913	669
745	669
669	866
669	709
725	55
747	838
728	81
859	728
86	680
75	192
592	18
911	13
1078	13
1077	13
13	716
1078	911
911	1077
716	911
702	536
663	850
930	910
903	930
794	903
903	883
944	903
842	903
980	903
807	903
903	806
903	841
965	903
995	903
1103	903
656	903
903	776
803	903
903	931
969	903
903	848
903	976
991	758
1001	985
843	715
801	851
1039	102
858	861
858	9
714	858
60	858
861	60
714	861
60	9
714	9
60	64
667	861
1041	518
1041	136
675	518
1041	675
512	507
411	694
775	694
775	411
858	954
18	865
840	18
361	361
534	770
77	534
890	310
310	956
310	880
46	310
77	310
310	310
770	310
213	310
525	310
580	310
670	310
688	310
712	688
688	858
974	862
974	310
880	974
310	197
963	310
718	963
963	836
963	197
695	963
688	963
46	974
974	30
46	817
755	817
1013	46
1040	974
310	808
310	718
973	311
310	647
973	310
77	77
77	225
310	225
310	860
46	311
183	590
774	183
774	44
183	710
933	774
774	978
793	774
524	183
183	591
44	183
524	44
593	594
593	44
979	593
183	593
107	591
591	152
591	290
774	591
591	925
591	981
740	591
740	183
925	774
774	981
740	774
925	839
839	981
740	839
805	183
805	771
771	774
805	774
7	740
7	44
839	7
981	7
7	855
955	955
183	955
774	955
933	955
710	955
7	183
710	7
701	7
889	802
901	854
72	507
72	64
507	506
845	892
892	918
914	892
918	914
845	783
783	886
796	939
25	939
589	939
110	110
3	195
509	195
110	792
996	110
202	934
1003	230
1003	761
17	130
17	135
999	71
611	71
71	612
130	135
130	837
611	610
610	612
997	887
135	936
825	611
825	14
191	230
135	236
937	837
825	135
352	589
352	796
220	1110
1112	1113
1117	728
25	1127
25	1128
1129	25
25	1130
970	1128
970	589
970	352
970	796
1127	970
970	939
970	1132
1130	970
939	1129
939	1128
1128	589
1129	589
1130	589
1127	589
589	1132
352	1128
1128	796
796	1130
796	1127
796	1132
1141	1140
1142	1141
854	1143
1144	824
197	890
1145	1144
1145	809
1145	314
1146	1145
1145	954
1145	858
1148	1147
1147	1149
1147	611
1150	1147
1147	855
1151	1147
1152	1147
1163	1163
896	1183
1191	1192
1195	1189
1189	1196
1190	1196
1197	1196
1199	1198
1200	1199
1215	1217
1221	880
1223	1222
1230	1229
1208	862
1231	862
1232	1233
1236	1234
1239	1234
1252	1252
1259	1259
1262	1261
1262	658
1262	1266
1287	1286
969	1288
842	969
1289	1290
1287	1295
1287	1296
1304	1305
1314	1315
1318	1318
1319	1263
1328	1328
1329	1330
1332	1333
1338	1336
1336	1339
1336	1260
871	1336
1336	1341
1336	1342
1336	1264
1353	1352
1356	747
1357	1356
1361	1362
1363	1361
1363	1362
1364	727
1371	1331
157	1372
419	1380
1387	1386
1409	1409
1409	1407
1410	1411
1416	1283
794	1243
1330	794
1417	794
794	1418
1419	794
1421	794
1330	848
848	1418
1419	848
1417	903
1324	1426
1428	1427
1428	1429
1430	1431
1433	1434
1435	1178
1447	1448
931	1463
1467	1465
1468	1387
1470	1471
1205	1473
1475	1476
1484	866
866	709
1486	1485
1487	944
944	1488
944	1489
1494	1493
1501	1502
1503	1501
1501	1504
1507	1493
1493	1495
1493	1496
1493	1508
1493	1509
1510	1493
1517	1516
1523	1524
1532	1482
866	1533
1511	1533
1512	1533
1538	1537
1540	1539
1546	1432
1548	1547
1554	195
1555	1172
1233	1556
1557	1558
1040	1208
755	1208
1567	1566
130	1570
1573	1574
1580	1578
1582	1583
1288	1389
1588	1587
1587	1587
1589	1587
1590	1587
1591	1587
1595	1594
1592	1596
1601	770
1616	1615
865	592
1625	1236
1277	1236
1626	1236
1439	1236
1236	1628
1629	1236
1236	1630
1631	1236
1239	1236
1633	1634
1636	1637
1531	1364
1421	1634
1298	18
592	1298
592	1640
592	1641
1643	1642
1644	1642
1643	1645
1644	1645
1579	1649
1655	1372
1656	943
1659	1658
290	1435
1442	1442
728	1224
1469	728
728	1206
1670	728
1292	64
1682	1681
1683	1681
1681	1684
1685	1683
1483	1691
1490	1691
1700	1701
1702	1700
1702	1409
1702	1194
1702	1407
1703	1703
1551	1705
548	548
1709	1710
1709	1711
1719	1718
1720	1721
1726	1722
1737	1736
1740	1739
1742	1741
1744	1745
1746	1747
1753	1754
1377	1765
1771	1770
1443	1328
1353	1443
719	1772
1779	1380
1780	592
1799	1800
1809	1810
921	1811
1674	1811
1813	1812
1762	1762
1728	1822
1823	1822
1826	1825
1837	1836
1569	1569
1852	1853
1823	1728
1227	1228
1862	1862
1863	1862
1747	1866
1370	1874
1872	1872
1883	1883
1490	804
1372	1893
1883	1894
1448	1899
1901	1903
1906	1206
1907	1908
1915	1681
1922	1763
1925	1924
1491	1924
1928	1927
1400	1932
1738	1935
1228	1228
931	1500
1500	1898
1490	1194
1953	1236
855	1954
1967	1966
1643	1968
1968	1695
1968	1644
1969	1969
1638	1638
1972	1971
1400	1978
1990	1989
1991	1989
1380	1980
1188	1992
1283	1997
1999	1998
2003	1194
695	2026
1987	2026
2029	2028
1853	1853
1190	1197
1262	1039
1710	1711
1649	1296
1721	1721
1418	1417
1417	1419
1644	1644
1695	1644
1649	1287
1828	1828
1698	1698
1206	1206
1579	1927
1747	1747
1358	1922
1642	1695
1695	1695
1305	1305
2038	2038
1350	2048
1755	2052
2054	855
1364	2060
2062	2062
2063	2063
1644	2069
2075	2076
1736	2077
2080	1728
1729	2080
2084	2083
2097	2097
2101	1819
2103	2103
2111	2111
2115	1760
2144	2144
2021	2145
2059	2059
2059	1729
2146	2146
1695	2069
2147	1654
1654	1432
1654	1323
1836	1654
1654	2148
2149	1654
1654	844
1654	2150
2151	1654
2017	1654
14	611
14	2194
611	2194
611	2195
611	937
610	14
837	14
936	837
1555	416
2199	48
2199	1038
282	2199
2199	262
718	534
534	695
973	534
310	809
1144	310
310	712
310	2201
310	2202
896	183
183	107
183	152
183	290
183	839
925	183
981	183
933	183
183	2203
2204	183
183	771
2205	901
2206	901
506	72
506	64
507	507
2209	507
507	696
918	845
914	845
1130	939
110	939
939	1373
2210	2211
2210	760
2212	2210
2214	2213
2213	2215
2216	2213
2213	1611
2217	2218
2217	2219
2220	2217
2217	963
2221	2217
2222	2217
2217	728
2223	2223
2224	2223
2223	1447
974	2223
2225	2223
2226	688
688	2227
2228	688
2229	688
688	2230
2050	2050
2020	2050
2231	2050
2232	2050
2233	2050
2226	862
2231	2020
2234	2020
2020	2232
2233	2020
202	191
2235	191
2236	1219
2238	2237
985	1222
1637	1039
2240	2239
2239	2241
2239	2242
2243	2244
2243	747
2245	2243
1423	2022
2022	2080
2246	2019
785	2019
2234	2019
2019	2080
2145	2247
2248	2247
1726	2247
1722	2247
2250	2249
1267	2251
2252	2251
2251	2253
2254	2251
2255	1202
2255	2256
2255	2257
2259	2258
2260	853
2262	2261
1041	2261
2261	2261
2263	2261
2264	2261
2261	2253
2261	2265
2261	2266
2267	1039
1039	1261
1039	658
1266	1039
2268	1039
1039	2269
1039	2229
1039	2270
1039	2271
2272	1039
2274	2273
1999	2273
2273	702
985	1223
1223	2275
590	1202
1202	2256
2257	1202
1234	1625
1618	1625
1628	1625
1625	2267
862	2228
862	2276
862	2229
1217	862
2277	862
862	1144
862	1559
862	712
2279	2278
2278	2280
2278	1340
860	963
2221	860
860	2222
2282	2281
2283	2281
2284	2267
2285	2267
2267	2286
2267	2287
2288	2267
2267	2289
2290	1235
2291	1235
2292	2293
2294	2295
959	1567
1566	959
959	597
2297	2296
1476	2296
702	821
2299	2298
2298	611
2299	611
883	2300
2300	2300
2301	2302
2303	1470
2275	330
985	2275
44	1302
839	1302
2270	2229
1234	2270
2270	1626
2270	712
847	2270
2270	598
2304	536
536	2305
536	2306
833	536
662	536
536	2307
1144	536
2308	536
536	2222
591	839
2309	2235
2303	2310
847	1448
1448	598
1273	1023
1274	1524
2262	1274
2311	1274
1274	681
2312	2262
681	2312
376	2252
747	2244
2074	2244
81	2244
866	2244
709	2244
2244	2313
2314	2244
2315	2244
1752	2244
2244	838
2316	1001
2317	2318
2261	2317
2317	2263
77	2317
2319	2320
2321	2290
2290	2291
2322	2290
2323	1432
1546	2323
1243	1957
2325	2324
2326	2307
2307	611
1340	2220
695	2220
957	1340
2228	2229
2229	2269
1267	2229
954	2229
1327	2327
2327	2328
1327	2310
2328	2310
2329	1524
1151	2330
1687	1263
2331	1263
2332	1263
594	2333
593	2334
1690	2334
2335	2334
1178	2334
2093	2334
1435	2334
2334	1659
2334	1186
2334	1562
2334	2336
2334	1617
107	2334
2334	152
1658	2334
290	2334
2334	1018
2334	611
1700	2334
1701	2334
99	9
9	2337
2338	2296
512	512
2340	854
854	2341
854	1295
2342	854
854	2339
840	1298
2343	1327
2328	1327
1185	1327
1328	1327
2343	2328
1185	2328
1328	2328
2344	2345
2346	2346
2346	1524
2262	2346
2347	2348
1336	2349
557	2349
2351	2350
2350	2313
2352	2350
2350	1254
2314	2350
330	1223
1308	2353
2265	15
15	2354
15	861
1234	1626
1373	1626
1131	747
747	728
747	2355
2356	747
747	2357
760	747
1459	747
2358	747
1484	747
2245	747
859	747
747	911
747	1533
2315	747
2359	2359
2360	1363
2361	418
418	417
419	418
416	418
418	710
2362	418
2363	418
512	418
2361	417
417	419
417	416
417	512
416	419
419	2361
416	2361
2364	416
2365	2364
2364	2366
1558	2367
1558	2368
861	1558
2369	1558
1558	2370
2369	1448
2370	1448
714	2370
2371	2371
2372	2371
1399	1371
1371	2373
1488	1371
1489	1371
2374	2375
2375	1339
1336	2375
818	893
1339	2376
1336	2376
557	2376
2372	1336
551	1336
2377	1336
1336	2378
695	1336
1336	921
376	695
2252	2252
2379	2262
1524	2262
2311	2262
2262	2021
2253	2262
2262	2265
861	2262
2262	2329
667	893
2380	2380
858	1339
858	2381
858	858
858	667
858	2382
954	2228
2383	954
1291	64
880	861
2384	14
2384	2385
2386	2384
837	2384
2384	55
71	2384
611	2384
2384	2194
1567	1567
2387	1205
1473	2387
1466	2357
2357	1357
2357	2388
2245	2357
2351	2357
2357	2389
2357	2074
81	2357
866	2357
2357	2390
740	855
2391	598
800	2373
2373	376
2392	2392
2392	2393
2394	2392
2392	2395
2396	2392
75	2397
14	2259
611	2259
2398	2259
1291	60
1292	60
60	2271
714	2271
2271	2354
1682	2399
2399	816
2400	2400
2401	2402
2391	2403
72	72
2404	72
1346	72
72	1242
1346	2404
2404	1242
2404	959
959	1346
2291	2405
2291	2406
1293	2291
2291	2291
2291	2407
2407	2405
2406	2407
1293	2407
2407	2407
2408	1293
2409	1293
1439	2410
2241	1439
1234	1439
2242	2241
1445	2241
2411	2241
775	764
775	775
665	18
1516	2224
2224	1448
2224	99
2337	2224
99	1447
1447	2337
2412	2413
2412	2414
2415	2412
2416	2412
2417	2412
2413	2417
2418	44
1313	1313
2419	1313
2420	1313
2329	2311
1142	1140
2415	2421
2416	2415
2415	2422
2415	2423
2415	1545
1896	2415
2415	2424
2415	2425
731	2415
2422	2423
1457	2426
2427	991
911	1459
665	1459
745	1459
2389	1459
2428	1459
1459	2074
2429	1459
1459	81
859	1459
913	1459
1459	2430
2431	1542
808	808
2222	1819
2222	2219
963	2222
1524	861
99	861
861	2337
861	861
1300	18
1300	44
2432	2433
696	2434
2435	2425
2435	2435
1702	2435
2437	2436
2373	2373
2438	2373
2373	969
2373	2295
2373	1827
2373	2439
2326	2373
2373	663
2373	2294
2440	2441
107	774
152	774
774	290
774	839
2388	745
1484	745
745	709
745	866
2429	745
2442	745
1520	745
1533	745
2295	2372
2295	2443
2331	2295
1443	2295
1760	2295
2256	2257
709	1484
760	1484
2245	1484
1484	913
1484	1533
1484	2444
1484	1678
2245	1357
2245	2074
81	2245
2245	859
728	2245
702	2445
702	2446
2447	2446
2446	2445
2447	2448
81	1399
81	2449
81	2358
1473	81
81	2326
81	2450
913	81
81	1678
81	1533
1357	2449
2449	859
2347	2449
2348	2449
2108	411
2451	411
764	411
2253	2358
2352	2314
2314	2358
2326	2314
913	2314
2314	1678
770	77
2452	2313
1399	2313
2313	2358
2389	2452
2313	728
2452	728
866	1399
2356	866
866	2358
913	846
2450	913
1131	728
2315	838
44	2204
1657	589
1657	1550
1657	1657
44	740
740	981
740	925
591	44
2285	2284
2284	2286
2284	2287
2288	2284
2289	2284
2284	2453
1517	2284
2285	2286
2285	2287
2285	2288
2285	2289
2286	2287
2288	2286
2289	2286
2287	2288
2287	2289
2289	2288
2455	2454
2454	2456
2454	2457
2458	2454
2454	2459
2460	2454
676	2454
2455	2456
2455	2457
2458	2455
2455	2459
2455	2460
2455	676
2457	2456
2458	2456
2459	2456
2460	2456
676	2456
2458	2457
2459	2457
2460	2457
676	2457
2459	2458
2458	2460
2458	676
2460	676
1648	2461
740	107
2462	868
974	99
880	99
2463	99
2275	1850
2464	2275
944	2275
2275	1488
2275	1489
1516	2275
2465	2275
2466	1340
1340	695
2029	2297
2297	1476
2467	2297
2297	2468
2469	2297
2297	2470
2028	2297
2347	44
701	2347
44	2348
701	2348
777	592
1150	1530
1150	2471
2368	861
2472	2368
944	944
2473	1749
2473	2474
2473	2475
2473	1501
1749	2474
1749	2475
1501	1749
2475	2474
1501	2474
1563	2476
1563	2477
2475	2476
1501	2475
2475	2478
911	2479
911	701
2480	1448
1448	99
973	973
1338	2481
2482	2481
1236	1373
996	33
33	2483
2484	595
681	597
597	2485
1725	597
597	2486
597	2487
827	597
2488	597
2490	2489
2491	1694
2491	2396
2396	1694
2492	1423
785	2492
2493	2492
1460	2494
1460	2495
2496	1460
2497	2021
2498	2499
2311	1524
2500	2501
2230	2228
2502	2238
1594	1596
44	1596
1589	979
611	2503
1148	611
611	1149
1701	611
2505	580
2505	2506
2505	2055
2505	1583
2508	2507
55	14
14	71
55	837
55	71
55	611
2509	2130
2510	744
1040	2511
1516	1040
1231	1040
1040	2403
3	2512
2513	1336
2372	2372
851	2514
2515	851
2322	2516
697	2484
2484	1547
1555	2517
3	3
3	2518
2109	3
195	195
2425	731
1545	2424
1896	2424
2351	1533
2389	1533
2074	1533
1467	1533
2519	2520
1704	2519
758	1001
557	2521
2522	1957
2523	2524
2525	2523
2523	2526
2417	2523
2527	2417
2417	2528
2417	2529
2530	2417
2417	2531
2533	2532
2532	2532
2532	2526
2532	2534
2532	2535
2536	2526
2537	2538
411	411
2108	2451
694	2451
2302	2539
2539	2540
2540	2108
2108	2302
883	1330
1330	1418
883	794
794	2570
883	848
1330	2587
2587	794
2587	883
2587	903
848	1288
883	1417
848	1417
1417	1330
1421	1417
1417	2587
883	1418
903	1418
2587	1418
1419	1418
883	1419
2587	1419
1419	2570
1419	2607
2570	903
903	2607
883	969
842	842
2649	2217
2649	2219
963	2649
611	2238
2276	534
534	1472
77	890
2681	688
688	2410
2682	688
2683	688
2276	2575
1208	1656
1208	853
943	1208
2226	1517
2276	2227
2246	2227
2227	2687
2585	2227
2689	2270
2696	836
2696	2277
853	1656
853	853
2037	853
2228	2698
2410	2228
2228	2699
2228	2700
1039	1267
1039	1496
1039	1508
2485	1039
2516	1253
1253	2708
48	1038
262	282
853	2276
2723	2722
2722	2006
1217	1208
853	1217
1217	2276
2739	1217
2277	1217
667	1217
1283	1217
2694	1217
1517	1217
853	2277
2276	2277
2277	667
2277	1283
2694	2277
1517	2277
1646	2746
2746	770
1374	2746
2753	2746
2746	2754
2746	2755
2746	2026
2006	2762
770	963
2775	963
963	1734
2144	1432
1702	1432
1455	1338
1455	2276
99	2783
46	77
2806	2808
2808	2807
1528	1526
1526	1193
1526	2809
2810	1526
1471	1526
2813	1526
2806	1527
2807	2806
2815	2806
1527	2338
2818	1527
1295	2807
846	2807
1443	2807
2807	2819
2807	2820
1893	2821
2822	709
2822	2818
1471	2823
2039	2818
2818	1716
1549	1548
1513	2322
2276	1559
1559	2277
1559	1040
1112	2864
1112	1683
1112	1112
1113	1113
2876	1548
1471	2876
2877	2876
1578	2879
1589	1590
2230	1208
2889	770
770	770
1602	770
1987	770
2890	770
770	2891
1188	770
2006	770
2815	2810
2897	2897
2300	2911
697	2911
2911	2912
2926	695
695	1730
2756	695
2276	973
2006	973
973	1472
2026	973
1601	662
662	770
1601	803
770	803
1601	2931
2931	770
793	1601
793	770
1601	2711
770	2073
1601	1678
770	2932
770	2933
2934	770
770	1533
2449	770
1410	770
2936	770
770	1009
1611	770
770	2937
2938	770
770	2939
2943	770
2698	2947
2947	1646
1473	2947
551	2947
2947	2080
2947	2006
2947	2802
2950	77
2951	1196
2952	770
770	2954
2955	770
770	2957
2958	770
1601	2006
963	1601
2006	2410
1601	2891
1601	2577
770	2577
1469	1691
2276	1517
2625	1517
1517	2750
1517	1248
1517	2694
1517	1517
2244	868
2968	2244
2244	2969
2957	2244
2244	2970
2682	2244
2244	2971
2244	2972
2973	2244
2244	2974
2244	2535
2244	2012
1776	2244
2976	2244
2977	2244
2978	2244
2244	2979
2961	2244
2980	2244
2244	2981
2244	969
893	2990
2722	2722
2493	2493
2982	2991
1481	818
2260	3010
3022	3010
3010	1215
1517	2453
3026	3025
3025	3027
3025	3028
3028	3028
3029	3025
3030	3025
3031	3025
3025	3032
3033	3025
3025	3034
3025	1207
3025	3035
3036	3025
3025	3037
3025	3038
3039	3025
3040	3025
3041	3025
3025	2985
3030	3028
3031	3028
3028	3032
3033	3028
3034	3028
1207	3028
3035	3028
3036	3028
3028	3037
3028	3038
3039	3028
3028	3040
3028	3041
2985	3028
3028	3029
3034	3038
3033	3038
3037	3038
3039	3038
3039	3033
3034	3039
3039	3037
3026	3028
3033	3034
1207	3034
1646	1646
2880	1322
1687	3821
701	1152
1523	1609
1609	3905
1609	2283
1609	2282
3913	1199
2398	2258
1292	714
714	1291
3941	2954
3820	2635
1540	3944
3945	1532
1598	1197
1288	157
3977	3978
2021	3994
2774	3994
4035	963
1863	963
4214	2700
2529	2530
1720	1720
4266	2621
941	4274
851	4290
4295	1513
4298	728
4328	2801
2729	4339
1991	1990
4363	4362
4370	2232
4373	1194
1681	1113
2619	1505
2144	1195
1704	2520
1117	4434
1643	1695
1644	1643
913	2389
2389	1668
1358	4521
1517	2281
1686	2054
4533	1691
1969	1691
1490	4297
1490	1490
1185	1326
1328	1185
1185	2343
1364	2372
1255	1255
2074	1826
4792	1826
4472	4345
3913	4806
1724	2681
2489	2940
1932	2387
4857	4307
2074	2721
4534	4534
1717	1717
2531	2528
1377	4477
2762	2410
1262	2268
1475	2704
1752	4499
1490	1189
1189	2144
4954	2246
2684	4965
1490	2065
1478	4999
807	5000
3908	2005
2259	1494
2074	2430
4446	1745
1744	4446
883	1243
1243	842
1862	1805
4345	5134
809	4869
4896	5207
5209	5210
4253	1490
1236	1971
5266	2607
5175	1800
1473	5268
4618	1518
842	1288
1659	152
152	2093
1434	152
4483	5336
1482	4857
1716	2729
1194	4728
1333	4929
1102	5447
5477	4776
925	981
4274	2004
2746	5365
2080	1823
1653	1717
1490	1361
1620	5507
4618	1437
1286	1296
1751	2827
5545	2464
4795	4950
4348	4393
107	1659
2949	2232
5425	1999
5596	853
1590	1893
1367	4713
4483	4483
2233	2232
1255	1345
1360	512
596	5116
2443	596
596	596
1517	596
1517	595
33	1517
5725	594
594	594
593	701
701	2012
5727	593
2876	979
2876	2883
2517	2883
979	2517
2517	4638
1691	1144
5728	1691
2319	5728
3022	2762
2762	2762
2762	712
3010	1779
1779	673
1656	1779
853	1779
1380	5267
1380	3852
1380	1538
1380	2260
33	2453
815	293
1039	2276
850	2824
5216	850
850	2427
976	2427
976	5216
850	976
2427	812
850	961
850	220
655	220
991	1620
1684	1113
1113	1682
1682	1682
1685	1113
1685	1684
655	1685
1682	1685
1191	5121
1490	1192
1192	1492
1197	2339
2339	2340
2050	1197
1196	1196
688	862
1268	982
1268	1219
4313	712
712	1212
1285	5733
5734	4597
5734	1259
2724	662
1253	2798
1234	1373
1373	1625
2729	974
2729	817
4621	2532
2992	310
658	1380
2724	2403
2403	662
5748	696
2427	663
2732	663
593	1589
593	1363
915	593
593	981
676	1516
2460	1516
2459	1516
1516	2454
4008	1548
1040	5749
2588	1040
1010	1040
1040	4663
4196	4663
4663	4676
5750	1208
4820	4950
4950	755
5459	536
5753	536
2377	536
4944	536
536	5754
871	536
536	5755
1672	536
1529	536
2426	536
5756	536
536	1573
5236	536
536	5022
1604	536
536	5757
5758	536
536	1703
1193	536
5759	536
536	213
536	837
536	2888
5610	536
536	761
536	5019
536	5013
2676	536
4365	536
536	2992
536	4294
536	5760
1363	536
536	5761
5761	2037
1206	2037
1206	5761
2552	536
1635	5548
2006	534
2226	2585
5774	1217
2277	5774
808	2767
770	695
2756	770
695	1987
1336	675
1548	1896
1548	1702
1548	731
2199	697
731	5783
2425	2398
731	5634
5360	5659
1546	1546
728	2353
1308	917
1308	2332
2353	917
2332	2353
917	2094
5733	917
917	1285
4276	917
1359	917
1618	1234
1216	1548
1548	1548
1549	1216
5642	1336
557	1341
557	4025
2250	974
44	979
4277	1253
1253	1253
2221	1819
2221	2219
2221	963
2375	1255
700	1558
696	700
512	700
5801	5477
4452	4821
3794	5802
4452	3794
4452	5802
5802	4821
4821	3794
5803	1493
1493	2007
2269	1493
5804	1493
1493	2258
5805	805
1141	5806
2917	5806
5807	2771
2365	1150
2365	2471
2471	2366
2366	1150
5147	2856
2134	5147
5147	5808
4101	2340
2340	5809
5809	2342
5810	2451
5811	2531
2528	5811
5549	2231
2231	2856
2234	2231
2231	2393
2232	2393
2393	2233
5812	5640
2982	5640
2991	5640
5640	831
5812	831
5812	2982
5812	2991
831	5627
5813	1710
1710	1712
2058	2496
2496	4244
2496	2489
2145	2058
2489	2145
2495	2058
2234	2489
4355	2489
1726	2145
4792	5815
2232	4792
4792	2233
5816	2467
2470	5816
2297	5816
5816	2029
2028	5816
1488	5816
709	859
2074	709
866	859
866	2074
2351	859
2351	2074
2389	859
5821	2356
5821	859
5821	2357
2253	5821
5821	2254
2275	5821
728	5821
859	2357
2732	2937
2579	2732
2732	1724
701	44
1330	1288
2587	1288
1417	1288
1418	1288
1288	1419
2130	5827
5828	5827
1549	5566
1549	5827
1549	5828
5827	5566
5829	5486
5830	5486
5830	5830
5830	1172
1172	1172
5486	1172
2315	2243
673	3010
3010	1656
853	3010
853	673
1656	673
5121	4215
5277	5121
2427	2587
2587	850
2587	656
759	2587
5355	2587
5266	2587
2587	2607
2570	2587
2587	843
2587	848
2427	903
903	850
903	759
1290	903
903	5216
903	5355
903	5266
903	1419
903	715
656	883
1330	1419
2496	2145
698	4405
698	5843
862	4217
5844	2942
2004	2942
2234	2942
5844	2234
2050	2489
1271	1524
1271	2312
4484	5134
4484	5845
698	1777
1777	5843
5850	4850
5851	5850
5852	5850
5853	2609
2609	5856
5310	2609
1743	4205
1743	1740
1739	1743
4205	1740
1743	4572
4205	4572
4572	1740
1739	4572
1740	1740
411	2262
2262	1271
4539	1410
698	4539
4640	2526
2526	2534
2526	2546
4083	2526
4083	2546
4507	5859
4507	4507
2407	2408
2406	2408
5860	4124
959	5860
2302	2540
2321	5812
2675	2322
2675	417
732	2514
5867	4275
5116	5116
593	152
5868	2727
2727	2530
2727	2088
2727	2528
2529	2727
2531	2727
534	2217
2217	2304
2217	1819
2217	2101
534	310
5815	2233
5815	2232
5869	1702
731	5869
2519	4213
5870	4213
700	700
2308	5576
2522	2319
2319	1957
2094	2094
2094	1359
5381	5671
5121	310
1240	5875
5875	1241
195	5875
4774	5875
1457	5875
5875	1313
5880	5037
44	5881
5882	4488
1653	995
5887	995
995	5888
995	2083
2970	799
1898	5889
4191	2282
2320	5897
5898	1142
1141	5898
5205	5898
5205	1140
1140	5898
4667	4244
2494	2498
1460	2498
4667	1460
2234	1460
4511	2494
4667	4511
4511	2021
2581	808
2338	1364
2296	1364
5899	2437
5899	2939
2939	2939
2581	1460
1460	2947
2145	5900
2248	5901
2248	1197
2248	1726
1726	1197
1672	4753
2058	4244
2693	2058
2145	4244
3967	5902
5902	5903
5903	3967
1254	2313
2352	1254
2095	805
2095	4115
5904	4115
4115	310
2361	4115
805	2361
2361	5904
2361	310
4115	805
4115	2871
2871	805
1403	4229
1705	4272
3803	1705
1150	1478
1478	1478
1478	5889
1399	1331
5907	1736
2960	1736
2960	5907
1726	5910
1726	5912
1726	2496
2247	2496
1722	2145
2145	2248
1793	954
954	5004
5583	5583
2489	2247
3022	982
3022	5915
4787	5916
3846	681
611	1617
5546	5917
4528	1710
868	826
938	868
2274	868
2525	2524
1908	1908
1410	1287
2818	1287
1287	956
1287	2883
1287	2959
5922	1287
1287	5923
1287	5924
2878	1287
1194	1287
4981	1287
1549	5925
4994	2214
2248	1722
5679	5348
4214	2982
2983	4214
770	1495
770	1510
5926	1230
5926	1229
1229	1306
2526	1229
3842	2519
2204	933
933	771
5805	933
933	44
3891	698
1291	2269
2269	1292
2270	1291
2270	1292
5870	2519
5870	854
5870	973
2134	2856
2248	2496
5927	774
5927	1408
4073	1408
1013	5928
2574	840
840	840
4397	840
4397	4397
5944	72
658	982
5915	658
5116	5153
596	5153
3999	5153
2856	4792
2856	1826
2233	2856
2232	2856
2134	4792
2134	1826
2232	2134
2233	2134
2574	2007
2522	5945
2522	5946
1202	5945
2319	5945
5946	5946
5947	5946
1957	5947
2522	5947
590	5947
5947	5945
2574	2319
2574	1202
2574	590
5945	2574
2574	2522
2574	5947
2574	152
2007	1202
2007	590
2522	2007
1202	5947
18	2574
18	2007
18	1617
5947	5501
5501	2007
1617	5501
2336	5501
2280	2847
5948	5185
5185	2501
5185	2065
5949	5185
4822	5185
4473	5185
5185	1547
2631	5185
5328	855
771	855
1920	855
959	855
1970	855
5950	855
2510	855
855	2480
855	5951
851	855
4253	855
855	655
855	1487
1620	855
1147	5328
1202	1957
1957	2256
2522	1202
2522	590
2255	1957
2522	2255
2255	590
590	2257
2522	2257
135	999
135	5153
999	5153
1374	1957
590	44
2257	44
740	2257
2257	1302
2429	1520
593	593
5860	5955
4472	5860
1531	5956
5956	5956
1658	152
2574	1658
1658	2007
2520	5870
1704	5870
5870	4532
4532	2519
1704	4532
2303	4532
2303	5870
5870	1471
4532	1471
18	5146
2434	18
5959	2479
1508	5959
1493	2479
1493	5959
2357	728
2357	2253
5821	747
2315	5821
2315	859
81	2315
5989	2876
1587	2884
979	1587
979	1471
1578	5298
1530	1578
1587	5261
5261	1471
2819	5261
5261	1176
1574	1575
5343	1528
2822	2823
2039	2806
2807	2887
846	2821
2821	5779
2821	5989
862	5992
5992	1040
2250	310
125	2251
1150	2364
6251	4265
963	6257
963	963
6258	963
963	6259
963	2026
2427	6260
6261	2427
2427	5923
2427	2732
2427	6262
6263	6264
6266	6265
4537	6265
6265	4246
4537	6266
534	6271
4381	534
534	2764
2222	6279
963	2143
2143	1803
974	2221
2222	2221
2221	770
2222	2222
695	2753
1987	2753
2753	963
2883	6282
1322	1575
1581	1578
1578	1574
1578	5261
1578	1573
5261	1574
5261	1573
5477	2420
2420	2419
4601	6283
2945	4601
6283	2945
6283	2675
2675	4601
2675	2945
2365	2675
4728	2003
1307	1307
1307	2238
2704	1476
1549	2704
2253	4385
6271	695
1340	6271
964	230
5255	4274
2522	2683
1995	2522
1995	1202
2256	1995
1995	2683
2257	1995
2255	1995
1957	1995
590	1995
1202	2683
2256	2683
1995	2319
1995	5947
2255	2683
2257	2683
2973	5577
4578	5577
5902	5577
5577	5903
5577	3967
2058	5903
3977	4965
2219	2218
1819	2219
2304	2219
2217	4896
5152	6465
6465	4405
4313	1479
4920	1181
197	4920
5203	4920
6356	4920
418	4920
1687	4920
416	4920
4920	3897
4230	4920
794	4920
4920	4925
5734	4920
5044	4920
213	4920
4920	6386
4920	2826
6509	4920
6344	4920
4920	6491
4920	5096
4920	4748
4920	4453
4470	4920
4920	4906
419	4920
4920	1892
4920	6444
4920	1827
4920	2785
6505	4920
4331	4920
5152	4920
6579	4920
4920	4203
4920	5130
4920	6345
4920	2034
4920	5819
6291	4920
4920	6428
4920	6326
4920	804
6452	4920
4405	4472
6541	5656
5656	1449
673	5596
5596	3010
862	1181
1234	6307
1631	1234
2010	2281
6541	5630
2417	5630
1039	5915
48	551
48	2546
5304	48
1262	2710
2269	1262
5817	536
536	2221
5255	2582
2582	1611
6467	2582
2582	6468
2582	4711
2319	6468
3817	2320
5628	4571
1236	6496
728	5037
48	5880
5880	4925
728	5880
1423	2019
1831	1772
1671	1772
2385	2386
3970	4679
3970	6401
3970	5116
2098	3970
3970	6604
4396	3970
5182	3970
3970	6472
5283	3970
6429	3970
2785	3970
3970	5152
5184	3970
2272	3970
4312	3970
5423	3970
6407	3970
3970	5395
6593	3970
6291	3970
6415	3970
2212	3970
4839	3970
4559	3970
3970	6484
3970	6317
3970	6507
3970	6384
909	3970
3970	6488
6378	3970
3970	6476
3970	5635
1264	3970
3970	6555
6326	3970
3970	6491
4741	3970
1263	967
6267	6430
2561	1327
1328	2343
2561	1328
771	710
710	981
3801	785
785	4954
785	2022
6597	785
2121	785
5577	785
1735	785
2467	1336
5442	1336
6547	1336
6355	2349
2509	747
2363	2362
5079	1558
1772	415
157	969
5817	157
6612	157
6381	157
157	6320
5851	157
157	2232
2949	157
157	2973
5850	157
6294	157
157	842
4894	157
1038	157
1373	2887
5881	419
2546	419
86	1533
6601	6603
1399	6612
747	1399
1152	1399
6460	6427
5398	2365
6588	5398
3999	5398
4405	5398
5398	5304
5398	6466
2223	2972
60	2575
60	1380
60	4896
794	848
2425	1438
714	5538
5538	1448
1147	1009
1009	418
6615	1009
2927	1009
1009	6505
1791	1009
2620	5185
985	4331
1456	6488
6488	698
6488	4622
6291	6488
2544	6614
2721	2430
2430	5818
4193	5818
1563	883
2436	2368
550	1518
2282	1943
2282	6380
2010	2282
4191	2283
2283	2010
3905	6400
3905	4295
1513	3905
2378	6355
1526	2808
1527	2808
1528	2808
2808	4844
2808	2821
2822	2808
2808	2823
2808	1193
2039	2808
2810	2808
6271	1717
1112	1685
1290	850
5355	1290
1290	2607
6437	1540
6437	6532
6479	1868
1868	4790
6595	2424
1896	697
697	418
3897	697
2529	5811
1772	5811
3008	6308
2417	2325
4451	5177
1772	5177
6289	2425
3035	2425
2293	2425
1587	2425
2419	1772
2322	5304
2322	1772
1319	2068
2068	2544
2068	6468
1831	2068
6531	2484
2516	1772
1557	714
18	1557
1557	592
2528	2529
2530	2528
2529	2531
6498	2530
2527	2530
4319	2874
1566	2260
1380	1566
2510	1493
2563	6299
5405	999
17	997
999	17
6577	17
17	71
1414	17
202	17
17	934
17	612
1578	1575
1578	2883
1578	6282
2876	1587
2100	1587
1587	1573
1587	1575
1587	1578
1581	1587
2883	1587
6282	1587
1587	6617
5072	2238
770	5072
1493	4495
6468	1243
1526	6468
6468	5255
1611	6468
6468	6467
6468	4711
6468	2520
4193	2074
2430	4193
1826	4193
4616	1935
6464	6566
6566	5480
985	6566
6566	330
6566	5559
2037	5576
1377	2082
1377	6416
33	728
5850	975
1236	867
2223	1448
1999	1448
1448	6276
1448	6520
1636	1448
1448	4571
2635	1636
2734	1772
592	6454
663	4396
1533	1654
4434	728
2327	2561
658	2410
2410	2582
1678	2465
1691	4825
1691	5924
1691	1612
985	4571
330	4571
592	5033
2510	548
549	548
548	550
550	549
6468	550
2543	4214
512	6541
4942	5486
1548	5925
681	5290
5290	597
3801	2246
2025	3801
4558	1534
6366	1374
4496	2081
1754	4616
2789	4945
719	551
549	719
550	719
4629	719
2963	6586
6294	6440
4508	3908
6309	3908
1825	4193
2546	6532
1236	5370
5601	5127
5601	3971
2883	6617
6617	6282
6617	1589
6617	1590
6326	5395
6326	6602
6491	6488
1884	1971
6494	6392
1868	6392
6392	6479
5304	6392
6466	6392
6392	4790
6416	6392
1234	6404
6404	1236
1915	1112
6468	6424
1563	2483
3035	2757
2757	5357
4376	2757
1575	2757
2329	2757
6494	4790
6567	6297
6567	2887
1234	1953
1971	1774
2541	6430
6481	418
18	4438
1380	3996
2246	2025
6486	5577
5577	2564
2741	2961
4806	1199
2684	3977
2101	2218
2304	2101
2101	2649
2218	2304
2218	2649
2304	2649
6329	6788
1819	2649
1710	1354
6461	1710
4313	1212
4920	5267
2749	1117
330	1117
698	4472
985	4472
4472	3790
2789	2704
418	2281
5395	6387
6471	5395
4396	5395
1892	5395
5267	5395
6602	5395
1113	3961
655	1113
5152	1113
2298	3790
2467	2468
2467	2469
2467	871
2467	1488
6650	2467
2470	2467
2468	5816
2469	2468
6650	2468
2470	2468
6362	262
6601	6362
6603	6362
6362	6290
2546	262
5304	262
2774	1685
2864	1685
1685	1681
1487	1488
1377	5203
2082	5203
5203	1765
2355	6785
6785	2083
5868	2529
2530	5868
2531	5868
1148	2814
2814	4143
1149	2814
4065	2814
2355	931
2355	5888
5330	2355
2355	1463
2355	5485
6838	2355
4560	2355
2355	2083
4359	2355
2324	2512
6274	2704
999	6274
612	6274
1967	2386
6718	2386
6612	6588
6612	1408
6294	6612
6612	5304
6440	6612
4347	5904
5280	5904
5808	2856
6330	4115
4115	4347
2469	2029
1488	2029
2029	6650
2029	2470
6774	4165
4472	4484
2607	2346
2346	6416
6819	6505
5816	6819
2628	856
6282	2748
2748	1587
1590	2748
979	2748
6757	1377
6601	3897
3897	6603
2418	3897
5889	3897
1328	6713
6601	5446
6601	2418
6601	597
6290	6601
1646	6465
5398	6494
1868	5398
4790	5398
5398	6416
1827	6659
6347	6659
6465	1408
6416	1408
6658	5249
2607	1417
1290	1417
759	1417
1290	1419
759	1419
5318	4152
3003	2749
3003	1634
3003	663
5507	3003
4434	3003
3003	6661
1429	1427
6505	6337
6488	6337
6337	3891
2406	1294
1435	1433
1143	2418
2418	6290
5035	2869
6509	5035
3939	6771
4571	2415
2423	2512
223	5507
4434	223
808	5576
2308	2344
2344	5761
5761	5576
2249	5761
2749	6464
2749	663
5507	2749
330	2749
2749	6661
1380	1381
1387	6601
1387	6603
5134	4472
5134	698
6748	6601
6603	6748
6748	2418
6748	5889
6488	6387
6471	6488
6488	4396
6488	5423
4771	3891
6471	3891
3891	4396
3891	4040
1484	2314
2389	1484
3000	6837
1332	6837
1333	6837
1488	2297
2297	6650
2468	944
944	2470
5912	4409
5912	6691
5912	5910
5912	834
5912	6298
5816	2469
4152	2582
4152	6468
2527	2536
2529	2536
2536	2530
2531	2536
5462	5590
2808	2283
1526	2283
2806	2283
1528	2283
4844	2283
2822	2283
2283	2823
2283	2818
1193	2283
2039	2283
2283	2810
1524	1525
1525	2262
1528	2822
2822	4844
2822	2039
2810	2822
2607	5355
5355	2461
5152	3994
2427	6642
715	2427
759	2427
1470	2519
2519	2303
1533	1526
1533	1528
4844	1533
2822	1533
1533	2810
1533	1791
2469	871
6650	2469
6797	2469
2469	2470
2028	2469
6819	5480
5480	6464
985	5480
330	5480
1868	5628
1868	6494
6722	1868
1868	6819
1408	1868
1868	5843
1868	4844
2823	1868
5152	1868
1868	5111
2810	1868
1868	4405
746	1868
5304	1868
6416	1868
1868	1962
697	1143
697	6290
5261	1548
6282	1548
1587	1548
979	1548
2468	871
2297	871
871	5816
871	4402
6650	871
2470	871
2512	799
6498	2528
2531	6498
2531	2527
2531	2530
6790	6601
6790	6603
2418	6790
6790	5889
1488	1489
999	236
17	236
71	837
725	837
837	2195
837	610
837	1152
725	1152
1152	610
202	1414
612	1414
202	2195
612	202
202	6745
17	2195
1470	5870
1591	2100
2100	2808
2100	2806
1528	2100
2100	4844
2822	2100
2100	2823
2039	2100
1573	2100
1575	2100
2100	1581
1574	2100
6282	2100
2100	1589
979	2100
2100	2810
1575	1573
1581	1573
6282	1573
1573	979
1575	2808
1575	1581
6282	1575
1589	1575
1575	1590
979	1575
2808	1578
1578	2806
1527	1578
1578	1322
1589	1578
1578	1590
1578	979
6282	1581
1589	1581
1581	1590
1581	979
612	6465
5133	612
612	997
2100	2883
1573	2883
2883	1575
2883	1581
1589	2883
2883	1590
979	2883
2084	2355
6838	2084
6838	6785
6838	931
5888	6838
6838	5330
1463	6838
6838	5485
2083	6838
4065	1148
4065	4143
1149	4065
2010	4191
3967	2096
2806	2810
1527	2810
1528	2810
2810	4844
2823	2810
2810	2039
5505	2272
5267	6659
5267	6291
976	5267
1826	2721
2430	1826
1826	5818
6828	1377
5632	1377
597	1797
931	2083
2083	5888
5330	2083
1463	2083
5485	2083
6259	695
227	715
6683	848
6683	2607
3994	6683
1290	6683
6683	715
759	6683
1634	715
18	5407
592	48
5407	592
2364	6709
2443	2364
1032	2364
2364	2471
2364	4202
663	5507
4434	663
3823	2630
771	981
740	771
152	1433
6387	6501
6501	4771
6501	6471
6501	4396
6337	6501
985	4434
676	2459
839	5328
981	855
4912	1714
2250	6445
1702	5634
2010	2558
1517	2010
6842	744
1711	1354
1711	5104
6461	1711
1711	1712
839	343
2100	6731
6731	6282
6731	1587
1589	6731
6731	979
2954	1587
1590	2954
979	2954
916	2292
2293	2077
2959	2077
2960	2077
2959	2293
2693	4244
6734	1533
1753	1935
4616	1753
1738	1753
2946	1753
6621	4295
1754	1935
2946	1754
6294	4894
4771	4040
4396	4040
6337	4040
4741	4040
6768	1841
6465	5304
5304	6494
5304	4974
6416	5304
5507	6661
5816	6650
6650	2470
6650	2028
6602	6387
6602	4771
6471	6602
6602	4396
6602	5423
6385	979
4741	6387
6471	4741
4396	4741
1513	6621
2801	4894
4894	6440
6797	871
1336	2470
2028	2470
871	2028
4720	6305
2353	18
5811	1117
5811	5100
5811	4774
1457	5811
2323	5811
6843	4616
4616	2946
4616	1738
2946	1935
1738	2946
1738	1754
6844	4616
1935	6844
1935	6843
6844	1753
6843	1753
6844	2946
6843	2946
1754	6844
1754	6843
1738	6843
6844	2467
6844	2468
2470	6844
2469	6844
871	6844
6844	6650
6844	5816
1336	6844
6797	6844
1112	1682
1112	1684
1681	1112
2864	1681
1684	1682
1681	1681
5880	1039
2293	2960
2960	2292
6640	2960
2960	4701
1737	2960
2960	2959
4595	2960
2720	2960
4450	2293
2292	4450
6640	4450
4701	4450
1737	4450
2959	4450
4595	4450
2077	4450
4450	2720
1966	2386
6718	2385
1967	2385
2385	1966
2384	6718
1967	2384
2384	1966
6718	1967
6718	1966
2321	4825
1296	1928
1579	1296
1296	1927
5775	1364
1011	1531
1656	1011
1531	1656
3010	1011
1765	2082
2082	5632
6828	2082
6757	2082
1765	5632
1765	6828
1765	6757
5632	6828
6828	6757
6828	5203
5632	6757
5203	6757
6438	6757
4430	6757
6438	4430
4965	3978
86	2500
2501	86
86	911
86	4279
86	6405
86	5498
86	6406
812	5507
5507	2836
6514	5507
5507	227
1421	5507
5507	715
2390	1117
2933	2798
5992	2579
1212	1212
1212	1342
2277	1212
1212	2783
1212	8708
1212	732
1212	2377
1212	1525
1212	3880
5553	1212
4804	1212
1342	1342
8940	2354
2354	2717
4731	2354
2354	2472
7678	2354
60	2354
2354	5107
2080	2354
1403	2354
2354	817
1521	2354
1744	2354
3852	2354
1312	2354
1764	2354
4244	2354
2354	2021
1896	1702
611	1896
1896	2425
1545	1896
2518	1896
1896	2484
13	1039
1149	1148
1658	1149
1148	701
6621	1148
1148	4143
14	1148
611	2814
6266	1149
611	6266
4143	1149
1567	4610
5116	4825
1691	5116
1215	5116
2734	6299
1461	13
5037	4028
2213	2050
2213	2234
2020	2213
2582	2050
6467	2050
2050	6468
2050	1611
5255	2050
2050	4711
6809	2050
2234	2582
6467	2234
6468	2234
1611	2234
2234	5255
2234	4711
6809	2234
2582	2020
2020	6467
2020	6468
2020	1611
2020	5255
4711	2020
2020	6809
2475	6592
6299	6299
2563	2734
4764	4081
4081	6507
4370	5815
4370	2489
2949	2489
916	1236
1236	4911
7247	1236
1236	4527
1236	6307
5956	1236
4403	1236
8529	1236
8529	916
916	2293
8529	2293
8529	2292
8529	4595
8529	2959
2959	916
916	4595
2959	1236
4595	1236
2292	1236
1236	2293
4418	4418
5955	5955
967	967
4020	4020
1524	1524
3988	3988
2515	2515
2262	2262
1102	1102
764	764
2257	2257
2798	2798
911	911
4203	4203
5265	5265
830	830
2403	2403
2994	2994
5369	5369
4849	4849
6428	6428
2987	2987
2755	2755
2716	2716
939	1127
1132	939
939	352
1129	1127
1128	1127
1132	1127
1127	1130
1127	352
1132	1129
1128	1132
1130	1132
352	1132
352	1130
1128	1130
1129	1130
1549	4398
1548	4398
2222	534
5096	534
2633	2633
2340	2633
2260	2260
2260	673
1656	2260
5596	2260
4333	2260
1656	5596
2798	1039
4374	4728
1194	4374
4373	4728
4728	2019
1194	2019
2489	4728
4728	2490
2247	4728
4728	2234
1194	2489
4374	2489
4373	2489
2489	2003
4728	1611
1611	1194
696	2958
710	2958
2958	183
2958	774
2204	2958
2262	1277
1236	2262
417	2560
2150	417
4277	3833
1147	4277
4277	2546
6374	1342
844	1342
1600	1342
2246	4994
2808	2876
2808	4638
1322	2808
1581	2808
2808	2880
1574	2808
5261	2808
2808	1573
2808	2883
2808	6282
1587	2808
1590	2808
2808	979
2808	1659
4637	2808
1591	2883
2883	4637
4143	2883
2883	2814
2883	1149
2883	6731
979	1591
979	4637
2100	4637
5602	5602
5812	5602
5640	5602
6799	5602
2412	2956
2412	2421
1691	1215
1215	4825
15	714
8992	25
589	5915
1266	5915
5915	2321
982	2798
1627	1234
5259	5955
5259	1236
6817	1234
6817	1236
2269	1626
2020	2489
2940	2050
2020	2940
2234	2940
2496	2234
1823	1735
2121	1823
2025	1823
2019	1823
2492	1823
2022	1823
1823	6597
1823	4954
5577	1823
7864	1823
1729	1735
2121	1729
1729	2025
1729	2019
1729	2492
1729	2022
6597	1729
4954	1729
3801	1729
1728	2022
1728	2492
1735	1728
1728	2121
1728	6597
1728	4954
1728	7864
3801	1728
1728	2025
1728	2019
7864	1729
5577	1729
1823	1823
1729	1823
1549	15
2374	2403
4418	2445
2989	4418
2274	4418
4065	6621
6621	1149
4143	6621
6621	2814
2489	2232
2233	2489
2386	1856
1967	1856
1856	2385
1533	44
4193	2721
830	1611
830	2233
830	2232
2563	2563
728	7670
7670	1573
1791	1791
1791	6538
6538	6538
6538	3984
3984	1791
6538	1533
1752	1533
2356	1752
7137	2356
7137	1533
5505	597
680	5505
2847	2279
3029	3029
2417	2858
2417	2422
2423	2417
2417	8264
4228	5801
5903	2096
2096	5902
2058	2096
2096	5577
7228	4783
1277	5956
1277	5955
8051	5547
2451	5547
8051	2451
2414	2911
2876	4398
2883	1548
1548	2546
1548	611
1659	1548
1548	44
5783	1548
5783	44
979	740
911	1589
2883	911
979	911
44	911
5783	911
2238	4111
4189	2238
310	2238
973	2238
7610	7592
7610	7610
7745	2517
2917	1141
2539	2917
8847	1979
8847	6624
1141	1979
2285	1685
2308	7864
695	1850
963	1850
2222	2649
5810	8544
2451	8544
589	658
2448	1811
1811	2447
1811	2446
1202	839
5328	1202
1202	789
1202	981
855	1202
1686	1202
839	855
6818	839
839	2256
2257	839
1897	1907
1907	1907
6258	695
5219	596
596	6827
6827	2334
6251	5524
6251	802
889	6251
4398	1590
4398	5261
1590	1548
4638	4398
4638	1548
2574	593
2574	591
1039	1626
4298	4484
2433	2394
2433	5542
2433	506
2020	5542
2020	2394
4962	5542
4346	8949
7315	4346
6469	4346
6469	2979
7315	6469
4346	2979
1549	1742
1741	1549
4333	1656
673	4333
4333	3010
853	4333
1637	5916
6406	1635
2473	1502
2473	1503
1504	1503
1504	1502
1749	1749
107	1658
107	152
593	107
1658	593
593	1433
7971	33
3814	7592
3814	3814
3814	7610
8795	8614
698	5537
698	4484
5845	698
5845	4472
4484	4345
5845	4345
6326	5192
5205	1142
1791	5343
2771	417
417	18
4451	2965
2365	2365
2365	2366
3038	3036
3033	3036
2252	2312
1271	2252
2329	2252
2389	2314
2074	846
8110	506
2279	1199
4806	1198
1200	4806
915	5448
5093	5448
5093	915
1726	3977
2684	1726
3977	834
1286	5807
1287	5807
2771	1286
2771	1287
2262	2359
2359	2251
6638	2359
4601	4601
6283	6283
4601	923
6283	923
2945	923
2451	5806
2451	1141
1223	1117
1117	985
1735	7853
6583	6277
6277	8850
2843	6277
8850	4529
2843	4529
5009	4363
818	2982
2983	818
2918	1255
5191	1255
6375	6375
2818	1548
2808	1548
715	1418
2870	715
1421	715
794	715
715	1417
1633	715
715	850
715	759
1290	715
5216	715
5355	715
5266	715
2607	715
715	1648
715	1647
848	715
1289	715
880	880
1549	658
801	4290
2379	2329
2312	2379
4287	4287
1377	33
2309	230
4485	5415
4485	7463
365	365
1617	1562
2253	5888
5888	5485
1463	5888
1460	2951
7592	3870
8133	3870
880	832
4616	1432
6786	2799
2799	1237
1483	7648
2203	2203
3792	6791
1330	1330
903	1330
2587	2587
1417	1417
848	843
6691	4409
5910	4409
6647	3984
2981	2981
5671	5671
1333	821
821	6837
3000	821
821	1332
7472	1333
1332	7472
8257	2544
2843	8850
789	1302
2528	5868
998	1564
998	998
6486	2564
2217	2722
2722	2304
817	4476
880	817
197	311
310	30
5956	3009
5955	3009
3009	8048
2382	3009
3009	2240
2240	2240
2240	2382
2240	7297
2240	1236
5955	2382
2382	5956
44	24196
5912	2145
6691	5910
1002	6691
5483	7853
7853	6691
5912	5483
4409	5483
5483	1002
5483	5483
3870	6703
135	799
2582	4274
923	2453
995	2355
5888	4359
4359	4560
658	4969
821	868
2462	826
868	868
4802	1746
1961	1746
4676	4913
2322	799
2322	2322
6587	2322
24270	2516
6498	2529
4675	7960
1652	4675
995	2373
1935	611
1935	1555
2295	995
1563	4760
2477	2477
2473	2477
2477	4159
4411	4411
2475	2475
2475	1563
4411	7566
7566	7566
2473	7566
7566	4159
7566	1563
3839	3839
1563	3839
7566	7940
7940	2473
7940	4159
1563	7940
2473	2473
2473	4159
2473	1593
2302	2473
1749	4159
1563	1749
4159	2474
2474	1563
4411	2791
2791	7566
4159	2791
2791	1563
2791	7940
1471	985
330	1471
2303	330
1471	2303
2303	985
1618	1618
1618	1549
2468	611
2467	611
944	611
2468	2468
6700	2468
5162	2468
2467	944
2467	1487
2470	1487
2469	944
5989	2368
25	5915
1039	2710
5116	5915
2410	1039
2321	2410
6817	1039
1549	6817
1039	5407
2541	1039
2595	1039
2949	1039
1516	1039
2413	1039
2289	1039
2260	1039
1039	2320
1039	2516
2575	1039
7343	1039
1039	1559
1039	881
3852	1039
1342	1039
598	1039
6276	1039
1039	6427
1039	6483
1039	2319
3817	1039
2321	1039
5588	1039
6295	1039
2771	1039
1039	3800
2533	1039
2995	1039
1039	7167
1919	1039
923	1039
1039	2731
6340	310
1444	2332
5347	917
917	2639
5318	917
2332	5318
6357	2332
1958	2332
4957	2332
5347	2639
5318	2639
5318	6357
5318	1958
5318	4957
5318	5347
5318	1444
1627	2887
5506	1627
1373	5506
4853	1549
1549	2269
1618	1373
1236	1618
1236	2269
1236	2270
1549	2241
6817	1625
1234	1628
1524	1628
5955	2239
2239	5956
2239	1277
2239	7297
2239	2239
6531	6531
4281	6531
2267	2291
7461	6375
416	7461
2517	7461
7461	1772
770	8946
1236	2722
550	550
8976	8933
4054	8123
7868	2856
5808	7586
2856	7586
7586	7868
5667	2770
4188	4150
5144	8095
8755	5599
8659	5599
8870	7741
4145	2873
7607	7316
4209	7675
8846	1852
1852	4023
2856	1786
2799	2769
8004	1852
7371	2775
2775	4529
1786	5599
7741	1786
2613	4700
4023	7510
2770	2769
1889	2457
6791	2770
2460	1889
8755	4410
2856	7848
7848	5619
7371	4023
4023	7741
4023	1786
2770	4023
4023	4541
4023	4410
7438	4023
1852	3907
18	18
591	591
29076	4572
1957	2271
2271	2522
1288	2271
2271	1243
1957	2638
29083	2271
29084	2271
1957	27165
29082	1957
2937	5649
2934	5649
5649	1724
7485	7485
592	592
8754	2880
1322	8754
2301	2301
7548	1306
6694	7548
1659	44
29241	811
1226	1548
1226	1547
7333	9002
8840	7333
9002	9002
8840	9002
9002	8993
8995	8936
8957	9004
2558	2282
1150	1032
4202	1150
2443	1150
6351	1150
6709	1150
6351	2364
1032	2471
4202	1032
1032	2443
6351	1032
6709	1032
2443	1226
2471	1226
1658	44
44	107
1999	2648
2266	4385
7817	2266
2019	550
2574	1143
1999	1143
2806	2821
4385	4862
7817	2265
2265	4385
2806	2822
2806	1528
1557	7970
2806	1526
5116	5656
2806	2818
5728	712
2300	5656
4385	3916
3916	7817
1538	712
7817	2253
4385	6645
2806	4844
2823	2806
17	14
3945	4857
4857	1532
4307	3945
1532	7661
419	6510
2143	6279
2143	712
6745	1414
71	2195
2195	610
937	2195
6745	17
6745	2195
6745	825
850	759
6642	759
717	1702
1399	29336
29857	1399
29335	1371
1331	29335
6812	1399
663	1399
1399	4345
2544	1399
1399	2261
6824	1399
1399	1291
6706	1399
1399	712
5818	2428
2262	1831
1294	2409
1554	4774
2704	3938
2231	2232
819	8024
5844	2004
5332	5827
1484	2357
2417	2417
2417	6500
2405	1017
7286	2594
233	233
1002	5910
5910	1722
8073	5682
2569	8073
8073	2692
2934	4820
2262	807
5000	2262
5060	2444
45499	5060
1381	1624
1624	4347
4347	805
6510	4347
6330	4347
6510	2845
1624	2845
310	2845
2845	1381
6510	4115
6510	5207
6510	805
1624	6510
6330	6510
416	2845
850	2607
837	611
837	2194
71	1152
611	1152
1152	1151
4638	2876
2303	2561
2520	1470
1470	1704
2310	2561
1386	5207
5164	1112
25	1536
25	4818
5807	5259
1132	25
48	1212
3996	4313
4313	18
4313	2972
48	4313
5060	2273
2845	2361
5207	2845
2845	4645
4074	2845
2845	4347
4896	2845
4074	1008
1008	2845
1008	6510
4347	1008
2845	2986
4347	2986
6510	2986
2845	4260
6510	4260
5207	4074
4074	6510
5169	4074
1008	1381
4260	1381
5881	1381
310	1381
1381	4074
1381	2361
5904	1381
6510	1381
4347	1381
4896	1381
805	1381
4347	310
2871	4347
2361	4347
2095	4347
4347	4896
4347	5207
2871	6510
2095	6510
6510	2361
4645	6510
6510	5904
4896	6510
310	6510
4347	4645
2986	1381
4645	1381
1381	5207
5280	2871
2095	5904
4726	4726
7295	7295
46040	46040
2012	5656
4323	4323
4385	4323
2253	4323
1656	1656
673	673
5945	1897
1625	7429
2759	903
848	2759
2759	794
3896	8842
3896	3896
917	1263
4873	5925
46327	2871
2871	46328
2871	46329
6621	2078
46366	6361
6778	46370
46370	2583
6778	3980
6778	6778
6778	611
2494	4667
2494	2494
2427	1549
3960	1256
44028	5537
5355	850
850	5266
4407	850
2461	850
850	1647
850	843
1648	850
848	850
850	1289
850	227
2870	850
46465	2250
4508	6309
6594	1549
762	7520
1229	1229
2972	5656
5656	411
2522	979
1212	5728
411	5728
411	2321
2582	2266
2582	3916
2582	411
2266	2319
2319	411
3817	4313
3817	411
1587	110
1772	2972
2254	1772
411	1772
1524	1336
4304	1336
1336	1951
4610	2972
411	4610
2275	2076
60	411
5860	4313
1212	5860
5860	2972
4313	675
2392	675
675	18
675	2254
411	675
1439	2704
1439	411
411	1447
4331	2275
2368	2392
2368	2266
2254	2368
411	2368
2368	4862
4313	1493
2254	1493
6295	411
6753	3905
3994	2392
2254	3994
2392	2322
2972	2322
411	2322
1557	411
411	1566
2510	4313
1587	4638
6468	14
6468	3916
6468	2254
411	6468
2275	6566
4255	33
2436	4313
2436	1212
2392	2436
2436	2254
2436	411
411	712
954	4571
2254	548
411	548
512	2254
411	512
5925	2704
411	1374
2704	1754
1825	18
1836	2254
979	6617
2266	6617
411	6617
2972	5516
2972	6316
6316	411
310	6373
4548	4313
2972	3996
4255	2822
1746	1746
2236	2236
4595	2720
5818	2721
8123	2960
8842	48374
1380	8842
5783	48375
5783	5783
48375	48375
8930	4747
4844	4844
2810	8930
8930	2822
2823	8930
8930	4844
8930	1193
8930	1528
1526	8930
2818	8930
1008	419
419	2986
419	1624
419	4645
5207	2361
5207	310
5207	4645
5207	3869
5207	5062
4830	5207
1510	8958
7974	8958
8958	8047
681	8958
1267	598
1476	29049
5478	941
1141	48483
1141	5432
5432	46087
29329	2946
850	850
5818	2074
1461	1549
1461	1625
1625	1458
591	1625
310	48626
5860	2517
2517	719
5037	799
2970	5037
5249	8124
5249	5579
2802	2802
7461	1549
7461	4873
7461	24261
5579	8124
8124	6610
6658	8124
8124	47347
6610	5579
6658	5579
47347	5579
5249	6610
47347	5249
6289	6289
2321	2516
2322	2321
6641	1549
6641	7286
4390	596
415	4776
1017	4272
1258	6597
1258	2022
2428	2721
3908	3908
6274	29796
1364	416
2407	2409
2407	1294
1979	5016
5016	6624
5016	5183
1364	1979
1763	1358
1353	1353
1967	1967
590	2256
6718	6718
1143	1143
2748	2883
1961	1745
4618	3993
6369	1610
2409	2291
1196	4842
1982	2005
2003	4374
2078	1513
2293	1737
417	4083
3905	419
419	4083
4295	419
1513	419
3823	837
4796	2815
2293	2720
4295	6449
837	825
1152	825
937	1152
3905	6449
3905	2078
3905	6621
4796	6515
7982	4618
6346	4618
4869	1353
1513	6449
2130	5828
2435	5634
6640	2293
2303	2327
1712	6461
2029	871
1573	1590
1573	1589
4638	2883
1709	1354
1712	1354
4292	417
1240	2372
1364	1240
1470	1586
2253	2883
4637	1587
2293	4701
2934	2732
2934	1724
2934	2681
6461	1709
2293	4595
14	1152
55	1152
2195	1152
871	6700
4894	1586
1152	2194
1893	1589
2078	4295
4640	2409
6427	4869
6427	6427
7949	6427
1549	2394
1549	6604
2251	58565
2251	4323
1191	1490
2430	2430
2416	2423
1747	1745
233	2392
2417	5602
923	2417
3930	2417
6579	1206
44	152
152	725
6579	2037
49371	49371
3823	2119
2019	6461
4618	3006
6273	4618
837	2119
611	2119
6461	4528
5288	6461
6461	5104
6482	6461
6461	5813
5916	611
2259	46370
46370	2007
46370	5916
6631	46370
2583	59043
944	59043
2517	59057
2517	59058
2517	59059
59060	2517
2517	59061
59063	2517
2517	59062
2517	59065
2517	59064
3993	3993
1364	851
2483	1364
1229	1364
4448	1364
2757	1364
1364	3
1771	6297
2051	17013
1274	2329
1274	1831
3022	36422
3022	36423
3022	38700
32940	3022
32957	3022
56450	3022
3022	32945
3022	39765
32959	3022
39885	3022
8842	811
811	3896
417	811
418	811
3908	40997
157	2233
2232	1712
1128	5915
1128	658
1128	620
195	24214
2322	5481
5037	5481
5481	1812
2405	5481
4039	2912
1313	2324
2911	1313
2912	2324
2911	2324
31167	2464
2417	1549
59297	747
24261	1618
701	725
4090	59378
59378	4231
59378	3914
5813	1354
1354	4528
1712	6482
6482	5104
6299	2802
2704	2802
4911	2802
6467	2802
6468	2802
2802	6530
2519	2802
1524	2802
2262	2802
5820	2802
2802	2515
2251	2802
2250	2802
2802	4711
2802	1582
1790	2802
2802	5553
2802	4328
2802	6465
368	2262
1791	944
5343	944
1573	2810
1573	2822
1573	2823
4844	1573
1573	1193
1528	1573
1526	1573
29760	1190
29760	1196
4186	4186
5761	4186
2372	1432
2323	2372
1240	1240
5489	2372
1531	2372
415	1554
59642	59641
6596	2238
1239	594
1549	594
594	1236
6404	594
594	1953
2093	18
3922	18
18	1433
1236	31456
1236	290
4292	4292
43776	1702
368	1702
2145	1304
7214	337
2248	1002
2143	2143
1894	7935
6649	1894
7935	6649
1484	6057
6057	2351
4150	7932
4150	2704
2392	4150
8142	4150
4150	6697
4150	6453
2917	4150
4150	5044
365	4150
7376	4150
4150	4925
2253	4150
2266	4150
7126	4150
2512	4150
2109	4150
4150	3
2415	4150
4150	2422
2423	4150
8142	7932
7932	6697
4188	7932
7932	6453
5044	7932
365	7932
7376	7932
7932	4925
7932	2253
2266	7932
7126	7932
2512	7932
2262	5634
1524	5634
5634	6645
2253	5634
5634	2265
411	5634
2254	5634
7126	5634
5783	5634
4001	5634
5634	2251
1533	5634
4911	5634
4124	5634
5634	2292
5634	2250
5634	4322
5634	1951
4309	5634
7648	5634
6649	1883
4457	6649
1883	7935
1883	4457
4457	7935
6617	2808
1591	2808
2808	2748
18320	6721
978	2334
2334	331
59821	2334
46193	1959
46193	2675
2546	46193
2630	46193
5060	8754
1966	1966
2384	2384
2386	2386
2385	2385
3938	1234
3041	3041
1038	5133
5133	32682
936	1152
1152	44
1152	2093
1152	1659
1434	1152
152	1152
1152	1658
107	1152
1152	1433
2444	8754
6440	3790
5554	5554
1763	1763
1763	4521
1197	4842
978	4720
6305	978
4905	4905
3992	1040
3992	862
5860	5602
5037	2516
5037	1771
1558	1017
2532	1017
1017	2533
2293	8123
5394	2293
2293	4054
1680	3992
1380	3992
1980	3992
5749	3992
60135	38748
2526	60189
2412	2911
1916	1746
52223	1746
29117	1899
4672	24261
973	957
1040	2463
1813	2405
4461	2405
1549	1549
2704	1548
37429	2675
2675	37430
728	7259
4720	24261
60470	1744
2407	2267
747	33404
5845	60499
2321	5944
2321	1806
4894	4328
60323	3833
60323	2095
4243	60323
2291	2284
2291	2285
2291	2286
2287	2291
2288	2291
2291	2289
7948	2291
2291	1294
2408	2291
1586	2801
4328	1470
6557	419
701	611
701	14
60507	14
611	1700
1152	60507
17090	1381
17090	419
2934	2937
5817	1549
5073	1549
1549	2789
1549	3938
1986	1549
2746	1549
1549	4897
1008	5169
60512	1258
1735	6769
1258	2019
1258	2492
1258	42462
31051	1258
372	1258
1258	56521
60513	1258
36918	1258
1258	40268
42491	1258
37728	1258
1258	60514
1258	60515
60516	1258
1258	60517
1258	60518
60519	1258
38238	1258
60520	1258
1258	60521
1555	24261
24261	4637
6354	5830
1549	2524
48936	698
48936	2546
2523	1000
8024	1000
2523	8024
4640	4640
1813	4640
2234	2494
1407	1197
1492	1598
1492	1407
1409	1197
1212	2322
1146	5430
1202	979
2255	979
29021	197
541	310
2196	310
8889	8889
5045	5045
8048	5045
1893	6282
1893	1587
979	1893
27578	2409
4083	2409
2409	1944
2409	2526
1813	2409
2409	1812
2405	2409
4461	2409
1813	2526
1812	2526
2526	2405
2526	2407
6712	2494
6712	2234
2494	2148
2234	2148
5000	5000
47508	2262
2421	415
